10. 9. 9. 9. 9. 9. 9. 9. 9. 9. 9. 9. 9. 9. 9. 9. 10. 9.  9. 9. 9. 12. 9. 9. 9. 9. 9. 9. 9. 10.
 1. 1. 1. 1. 1. 1. 1. 1. 1. 1. 1. 1. 1. 1. 1. 1. 1. 1.  1. 1. 1. 12. 1. 1. 1. 1. 1. 1. 1. 1.
 1. 1. 1. 1. 1. 1. 1. 1. 1. 1. 1. 1. 1. 1. 1. 1. 1. 1.  1. 1. 1. 12. 1. 1. 1. 1. 1. 1. 1. 1.
 2. 2. 2. 2. 2. 2. 2. 2. 2. 2. 2. 2. 2. 5. 3. 3. 2. 2.  2. 2. 2. 12. 2. 2. 2. 2. 2. 2. 2. 2.
 2. 7. 7. 7. 7. 7. 7. 7. 7. 7. 7. 7. 7. 2. 3. 3. 7. 7.  7. 7. 7. 12. 2. 2. 2. 11. 11. 11. 11. 11.
 3. 3. 3. 3. 3. 3. 3. 3. 3. 3. 3. 3. 3. 3. 3. 3. 3. 3.  3. 3. 3. 12. 2. 2. 2. 11. 2. 2. 2. 2.
 3. 3. 3. 3. 3. 3. 3. 3. 3. 3. 3. 3. 3. 3. 3. 3. 3. 3.  3. 3. 3. 12. 2. 2. 2. 11. 2. 2. 2. 2.
 12. 12. 12. 12. 12. 12. 12. 12. 12. 12. 12. 12. 12. 12. 12. 12. 12. 12. 12. 12. 12. 12. 2. 2. 2. 11. 2. 2. 2. 2.
 2. 2. 2. 2. 2. 2. 2. 2. 2. 2. 2. 2. 2. 2. 2. 2. 2. 2.  2. 3. 3. 2. 2. 2. 2. 11. 2. 2. 2. 2.
 2. 2. 2. 2. 2. 2. 2. 2. 2. 2. 2. 2. 2. 2. 2. 2. 2. 2.  2. 3. 3. 2. 2. 2. 2. 11. 2. 2. 2. 2.
 6. 6. 6. 2. 6. 6. 6. 2. 6. 6. 6. 2. 6. 6. 6. 2. 2. 2.  2. 3. 6. 6. 6. 2. 2. 11. 2. 2. 2. 2.
 6. 6. 6. 2. 6. 6. 6. 2. 6. 6. 6. 2. 6. 6. 6. 2. 2. 2.  2. 6. 6. 6. 6. 6. 2. 11. 2. 2. 2. 2.
 6. 6. 6. 2. 6. 6. 6. 2. 6. 6. 6. 2. 6. 6. 6. 2. 2. 2.  2. 6. 6. 6. 6. 6. 2. 11. 2. 2. 2. 2.
 2. 2. 2. 2. 2. 2. 2. 2. 2. 2. 2. 2. 2. 2. 2. 2. 2. 2.  2. 6. 6. 6. 6. 6. 2. 11. 2. 2. 2. 2.
 2. 2. 2. 2. 2. 8. 2. 2. 2. 2. 2. 2. 2. 2. 8. 2. 2. 2.  2. 3. 6. 6. 6. 2. 2. 11. 2. 2. 2. 2.
 3. 6. 6. 6. 3. 3. 3. 6. 6. 6. 3. 3. 3. 6. 6. 6. 3. 3.  3. 3. 3. 2. 2. 2. 2. 11. 2. 2. 2. 2.
 6. 6. 6. 6. 6. 3. 6. 6. 6. 6. 6. 3. 6. 6. 6. 6. 6. 3.  3. 6. 6. 6. 2. 2. 2. 11. 2. 2. 2. 2.
 6. 6. 6. 6. 6. 2. 6. 6. 6. 6. 6. 2. 6. 6. 6. 6. 6. 2.  6. 6. 6. 6. 6. 2. 2. 11. 2. 2. 2. 2.
 6. 6. 6. 6. 6. 2. 6. 6. 6. 6. 6. 2. 6. 6. 6. 6. 6. 2.  6. 6. 6. 6. 6. 2. 2. 11. 2. 2. 2. 2.
 2. 6. 6. 6. 2. 2. 2. 6. 6. 6. 2. 2. 2. 6. 6. 6. 2. 2.  6. 6. 6. 6. 6. 2. 2. 11. 2. 2. 2. 2.
 2. 2. 2. 2. 2. 2. 2. 2. 2. 2. 2. 2. 2. 2. 2. 2. 2. 2.  2. 6. 6. 6. 2. 2. 2. 11. 2. 2. 2. 2.
 2. 2. 2. 2. 2. 2. 2. 2. 2. 2. 2. 2. 2. 2. 2. 2. 2. 2.  2. 2. 2. 2. 2. 2. 2. 11. 2. 2. 2. 2.
 2. 2. 2. 2. 2. 2. 2. 2. 2. 2. 2. 2. 2. 2. 2. 2. 2. 2.  2. 2. 2. 2. 2. 2. 2. 11. 2. 2. 2. 2.
 2. 2. 2. 2. 2. 2. 2. 2. 2. 2. 2. 2. 2. 2. 2. 2. 2. 2.  2. 2. 2. 2. 2. 2. 2. 11. 2. 2. 2. 2.
 11. 11. 11. 11. 11. 11. 11. 11. 11. 11. 11. 11. 11. 11. 11. 11. 11. 11. 11. 11. 11. 11. 11. 11. 11. 11. 11. 11. 11. 11.
 10. 10. 10. 10. 10. 10. 10. 10. 10. 10. 10. 10. 10. 10. 10. 10. 10. 10. 10. 10. 10. 10. 10. 10. 10. 10. 10. 10. 10. 10.
 2. 2. 2. 2. 2. 2. 11. 2. 2. 2. 2. 2. 2. 2. 2. 2. 2. 2.  2. 2. 2. 2. 2. 2. 2. 2. 2. 2. 2. 2.
 2. 2. 2. 2. 2. 2. 11. 2. 2. 2. 2. 2. 2. 2. 2. 2. 2. 2.  2. 2. 2. 2. 2. 2. 2. 2. 2. 2. 2. 2.
 13. 13. 13. 13. 13. 13. 13. 13. 13. 13. 13. 13. 13. 13. 13. 13. 13. 13. 13. 13. 13. 13. 13. 13. 13. 13. 13. 13. 13. 13.
 2. 2. 2. 2. 2. 2. 11. 2. 2. 2. 2. 2. 2. 2. 2. 2. 2. 2.  2. 2. 2. 2. 2. 2. 2. 2. 2. 2. 2. 2.

