0. 0. 0. 0. 0. 0. 0. 0. 0. 0. 0. 0. 0. 0. 0. 0. 0. 0. 0. 0.
 0. 0. 0. 1. 1. 1. 1. 1. 1. 1. 1. 1. 1. 1. 0. 0. 0. 0. 0. 0.
 0. 0. 0. 1. 1. 1. 1. 1. 1. 1. 1. 1. 1. 1. 0. 0. 0. 0. 0. 0.
 0. 0. 0. 2. 2. 2. 7. 7. 7. 7. 3. 3. 2. 2. 0. 0. 0. 0. 0. 0.
 0. 0. 0. 2. 2. 2. 2. 2. 2. 2. 3. 3. 2. 2. 0. 0. 0. 0. 0. 0.
 0. 0. 0. 2. 2. 2. 3. 3. 3. 3. 3. 3. 2. 2. 0. 0. 0. 0. 0. 0.
 0. 0. 0. 6. 6. 6. 3. 6. 6. 6. 3. 3. 2. 7. 1. 1. 0. 0. 0. 0.
 0. 0. 0. 6. 6. 6. 3. 6. 6. 6. 3. 3. 2. 7. 1. 1. 0. 0. 0. 0.
 0. 0. 0. 6. 6. 6. 3. 6. 6. 6. 3. 3. 2. 7. 1. 1. 0. 0. 0. 0.
 0. 0. 0. 6. 6. 6. 3. 2. 2. 2. 3. 3. 2. 7. 1. 1. 0. 0. 0. 0.
 0. 0. 0. 6. 6. 6. 3. 3. 3. 3. 3. 3. 2. 7. 1. 1. 0. 0. 0. 0.
 0. 0. 0. 6. 6. 6. 6. 6. 6. 2. 3. 3. 2. 7. 1. 1. 0. 0. 0. 0.
 0. 0. 0. 2. 2. 2. 6. 6. 6. 2. 3. 3. 2. 7. 1. 1. 0. 0. 0. 0.
 0. 0. 0. 2. 2. 2. 6. 6. 6. 2. 3. 3. 2. 7. 1. 1. 0. 0. 0. 0.
 0. 0. 0. 0. 0. 0. 0. 0. 0. 0. 0. 0. 0. 0. 0. 0. 0. 0. 0. 0.
 0. 0. 0. 0. 0. 0. 0. 0. 0. 0. 0. 0. 0. 0. 0. 0. 0. 0. 0. 0.
 0. 0. 0. 0. 0. 0. 0. 0. 0. 0. 0. 0. 0. 0. 0. 0. 0. 0. 0. 0.
 0. 0. 0. 0. 0. 0. 0. 0. 0. 0. 0. 0. 0. 0. 0. 0. 0. 0. 0. 0.
 0. 0. 0. 0. 0. 0. 0. 0. 0. 0. 0. 0. 0. 0. 0. 0. 0. 0. 0. 0.
 0. 0. 0. 0. 0. 0. 0. 0. 0. 0. 0. 0. 0. 0. 0. 0. 0. 0. 0. 0.