0. 0. 0. 0. 0. 0. 0. 0. 0. 0. 0. 0. 0. 0. 0. 0. 0. 0. 0. 0. 0. 0. 0. 0. 0. 0. 0. 0. 0. 0.
 0. 0. 0. 0. 0. 0. 0. 0. 0. 0. 0. 0. 0. 0. 0. 0. 0. 0. 0. 0. 0. 0. 0. 0. 0. 0. 0. 0. 0. 0.
 0. 0. 0. 0. 0. 0. 0. 0. 0. 0. 0. 0. 0. 0. 0. 0. 0. 1. 0. 6. 6. 6. 0. 0. 0. 0. 0. 0. 0. 0.
 0. 0. 0. 0. 0. 0. 0. 0. 0. 1. 1. 1. 1. 1. 1. 1. 1. 1. 6. 6. 6. 6. 6. 0. 0. 0. 0. 0. 0. 0.
 0. 0. 0. 0. 0. 0. 0. 0. 0. 7. 7. 7. 7. 7. 7. 7. 7. 7. 6. 6. 6. 6. 6. 2. 2. 0. 0. 0. 0. 0.
 0. 0. 0. 0. 0. 0. 0. 0. 6. 6. 6. 3. 3. 6. 6. 6. 3. 3. 6. 6. 6. 6. 6. 6. 6. 6. 0. 0. 0. 0.
 0. 0. 0. 0. 0. 0. 0. 6. 6. 6. 6. 6. 6. 6. 6. 6. 6. 2. 2. 6. 6. 6. 6. 6. 6. 6. 6. 0. 0. 0.
 0. 0. 0. 0. 0. 0. 0. 6. 6. 6. 6. 6. 6. 6. 6. 6. 6. 2. 6. 6. 6. 2. 6. 6. 6. 6. 6. 0. 0. 0.
 0. 0. 0. 0. 0. 0. 0. 6. 6. 6. 6. 6. 6. 6. 6. 6. 6. 6. 6. 6. 6. 6. 6. 6. 6. 6. 6. 0. 0. 0.
 0. 0. 0. 0. 0. 0. 0. 0. 6. 6. 6. 2. 2. 6. 6. 6. 2. 6. 6. 6. 6. 6. 2. 6. 6. 6. 0. 0. 0. 0.
 0. 0. 0. 0. 0. 0. 0. 0. 0. 2. 2. 2. 2. 2. 2. 2. 2. 6. 6. 6. 6. 6. 2. 2. 2. 0. 0. 0. 0. 0.
 0. 0. 0. 0. 0. 0. 0. 0. 0. 0. 0. 0. 0. 0. 0. 0. 0. 0. 6. 6. 6. 0. 0. 0. 0. 0. 0. 0. 0. 0.
 0. 0. 0. 0. 0. 0. 0. 0. 0. 0. 0. 0. 0. 0. 0. 0. 0. 0. 0. 0. 0. 0. 0. 0. 0. 0. 0. 0. 0. 0.
 0. 0. 0. 0. 0. 0. 0. 0. 0. 0. 0. 0. 0. 0. 0. 0. 0. 0. 0. 0. 0. 0. 0. 0. 0. 0. 0. 0. 0. 0.
 0. 0. 0. 0. 0. 0. 0. 0. 0. 0. 0. 0. 0. 0. 0. 0. 0. 0. 0. 0. 0. 0. 0. 0. 0. 0. 0. 0. 0. 0.
 0. 0. 0. 0. 0. 0. 0. 0. 0. 0. 0. 0. 0. 0. 0. 0. 0. 0. 0. 0. 0. 0. 0. 0. 0. 0. 0. 0. 0. 0.
 0. 0. 0. 0. 0. 0. 0. 0. 0. 0. 0. 0. 0. 0. 0. 0. 0. 0. 0. 0. 0. 0. 0. 0. 0. 0. 0. 0. 0. 0.
 0. 0. 0. 0. 0. 0. 0. 0. 0. 0. 0. 0. 0. 0. 0. 0. 0. 0. 0. 0. 0. 0. 0. 0. 0. 0. 0. 0. 0. 0.
 0. 0. 0. 0. 0. 0. 0. 0. 0. 0. 0. 0. 0. 0. 0. 0. 0. 0. 0. 0. 0. 0. 0. 0. 0. 0. 0. 0. 0. 0.
 0. 0. 0. 0. 0. 0. 0. 0. 0. 0. 0. 0. 0. 0. 0. 0. 0. 0. 0. 0. 0. 0. 0. 0. 0. 0. 0. 0. 0. 0.

